0.2737168911506249, -0.43194719845023455, -0.09609361565600594, 0.6794668820430978, -0.7095618258144916, -0.8602510026867831

-0.7474721300948566, -0.9847376186147658, -0.761222829443281, 0.2528631045173759, -0.6575334737776419, -0.49313610542824216

0.8252094442617677, -0.8130780481239459, 0.38968894291131906, 0.39433003765793306, 0.09408879301511508, -0.2967508611812286

-0.6562750802350807, -0.2487406319845309, -0.7142407051907762, 0.9090693723833396, 0.14527293686461573, -0.48017394824261084

-0.14244654933297807, 0.6989677213219538, -0.9827324714771404, 0.2341796238139513, -0.5289676866519051, -0.7500426569783614

0.632397521280371

